0,322
0,472
0,243
152,5
152,4
152,3
152,2
152,1
152,0
149,4
149,3
149,2
149,1
149,0
147,4
147,3
147,2
147,1
147,0
145,3
145,2
145,1
145,0
144,4
144,3
144,2
144,1
144,0
142,4
142,3
142,2
142,1
142,0
140,3
140,2
140,1
140,0
139,5
139,4
139,3
139,2
139,1
139,0
137,5
137,4
137,3
137,2
137,1
137,0
136,4
136,3
136,2
136,1
136,0
135,4
135,3
135,2
135,1
135,0
134,4
134,3
134,2
134,1
134,0
20,3
20,2
20,1
19,3
19,2
19,1
18,3
18,1
14,5
14,4
14,3
14,1
13,3
13,1
12,3
12,2
12,1
11,3
11,2
11,1
10,3
10,2
10,1
9,3
9,2
9,1
8,3
8,2
8,1
3,3
3,2
3,1
2,3
2,2
2,1
0,471
0,408
0,0
154,34
154,33
154,32
154,31
154,30
154,29
154,28
